1 307 35
1 373 21
2 141 35
3 234 14
3 180 20
5 176 16
5 448 40
6 203 1
6 258 35
6 118 29
7 464 7
8 456 47
9 233 30
9 398 32
10 436 16
10 487 6
11 90 43
13 496 14
13 221 3
13 498 9
14 252 1
14 214 40
16 359 36
17 368 44
18 127 15
20 422 14
24 269 17
26 438 14
27 112 29
27 294 20
27 260 15
28 437 40
29 266 6
29 77 10
30 224 23
31 433 27
32 236 2
33 202 4
35 149 16
35 354 37
35 376 20
35 494 46
36 411 22
36 263 42
37 106 25
37 238 11
37 354 34
38 268 45
38 315 7
38 327 24
39 308 20
42 499 30
42 249 8
42 491 35
43 304 2
43 65 16
43 215 2
43 94 39
45 112 37
47 152 46
47 389 15
48 403 22
49 181 40
50 200 40
50 408 18
51 156 25
51 175 12
51 347 31
52 330 35
52 448 37
53 429 46
55 352 47
55 110 5
55 233 18
56 198 45
57 406 44
58 388 4
58 279 33
59 392 8
59 141 20
59 284 37
59 289 13
60 242 43
60 202 6
60 237 33
65 94 6
65 43 16
65 327 34
66 67 41
67 66 41
68 262 32
68 376 33
68 487 32
68 307 9
70 132 11
70 469 41
70 121 18
70 206 43
71 190 6
71 147 40
72 162 5
72 236 19
73 492 47
75 78 22
76 308 39
77 29 10
78 167 39
78 94 18
78 75 22
79 379 17
79 176 49
79 325 10
80 336 49
80 346 42
82 476 22
82 126 47
83 207 18
83 495 26
83 317 5
83 467 6
85 349 38
86 90 14
86 476 28
86 240 37
89 346 8
89 366 16
90 86 14
90 11 43
91 135 14
93 466 23
93 445 19
94 65 6
94 78 18
94 312 41
94 43 39
95 323 40
95 187 34
95 247 31
96 373 35
99 128 48
99 179 5
100 479 15
101 496 32
101 161 49
101 141 38
101 230 39
101 378 26
102 387 39
102 209 40
104 365 6
104 258 43
105 225 35
105 153 2
106 37 25
106 345 49
106 412 23
108 326 48
108 282 4
108 188 38
109 347 24
110 401 34
110 55 5
112 27 29
112 489 31
112 45 37
113 159 39
114 313 6
114 163 23
115 488 48
116 421 7
117 144 20
117 451 35
117 170 37
118 176 37
118 436 12
118 6 29
119 461 37
119 168 13
121 70 18
121 289 33
123 213 31
123 250 30
125 288 41
126 313 22
126 82 47
127 322 16
127 18 15
128 99 48
128 449 15
130 400 8
131 338 48
132 481 48
132 70 11
135 444 39
135 344 21
135 91 14
135 366 6
136 259 46
140 256 35
141 2 35
141 101 38
141 59 20
142 371 39
142 483 33
142 288 49
144 117 20
144 300 30
144 433 21
144 438 1
145 357 20
146 430 41
147 266 12
147 71 40
148 381 38
149 35 16
149 408 26
151 261 3
152 47 46
152 400 30
153 105 2
153 240 45
156 51 25
156 190 35
157 312 22
157 278 37
158 264 42
158 458 14
159 325 34
159 113 39
160 380 31
160 483 14
161 101 49
162 72 5
163 466 48
163 114 23
164 286 46
165 293 8
165 226 8
167 209 10
167 78 39
168 394 5
168 119 13
169 254 14
170 117 37
171 370 24
172 210 37
174 199 41
174 333 13
175 51 12
176 5 16
176 79 49
176 118 37
177 234 28
177 348 15
177 256 49
178 390 21
178 339 34
178 437 39
178 342 40
179 99 5
180 3 20
181 290 34
181 262 47
181 49 40
182 422 6
182 467 24
184 421 47
185 298 30
186 255 43
187 469 17
187 95 34
187 284 5
188 108 38
190 71 6
190 414 25
190 464 9
190 156 35
190 376 43
192 414 3
193 297 41
193 323 26
198 338 6
198 56 45
198 390 19
199 174 41
199 311 40
200 50 40
200 364 48
201 348 14
202 242 40
202 33 4
202 60 6
203 6 1
203 238 17
203 304 46
205 241 23
205 413 28
206 275 15
206 261 40
206 402 33
206 70 43
207 83 18
209 167 10
209 102 40
210 245 41
210 172 37
212 434 45
213 123 31
214 14 40
214 369 25
215 43 2
216 322 15
216 394 11
217 280 44
217 267 2
221 13 3
221 466 4
224 30 23
224 249 26
225 430 16
225 105 35
225 480 11
225 249 43
226 165 8
227 419 13
227 379 40
228 281 27
228 421 26
229 443 28
230 101 39
231 482 17
231 249 31
232 264 35
232 343 1
233 460 49
233 9 30
233 55 18
234 177 28
234 3 14
234 291 30
234 359 8
234 452 4
235 328 11
236 72 19
236 32 2
237 324 9
237 410 39
237 60 33
238 203 17
238 473 15
238 37 11
240 359 18
240 266 28
240 86 37
240 153 45
241 205 23
241 287 42
242 60 43
242 202 40
242 310 5
243 441 24
243 286 44
243 334 32
244 319 19
244 298 7
244 479 19
245 210 41
245 329 46
245 350 43
247 95 31
248 272 25
248 472 3
248 381 7
249 461 6
249 398 8
249 224 26
249 343 37
249 42 8
249 231 31
249 225 43
250 259 45
250 495 9
250 123 30
250 316 16
252 14 1
252 438 14
253 430 7
254 169 14
254 495 14
255 186 43
256 177 49
256 140 35
258 6 35
258 104 43
259 250 45
259 136 46
260 27 15
261 151 3
261 206 40
262 68 32
262 181 47
263 36 42
264 395 39
264 232 35
264 158 42
266 29 6
266 147 12
266 240 28
267 217 2
268 38 45
268 487 39
269 285 23
269 24 17
271 291 23
271 490 9
272 424 47
272 248 25
272 336 36
272 483 14
273 352 18
274 331 3
274 334 19
275 206 15
275 468 24
278 480 32
278 157 37
279 285 43
279 58 33
279 402 18
279 344 36
280 450 37
280 217 44
281 228 27
282 326 35
282 108 4
284 59 37
284 187 5
285 279 43
285 269 23
286 164 46
286 243 44
287 241 42
288 363 37
288 125 41
288 367 31
288 142 49
289 59 13
289 121 33
290 181 34
290 318 31
291 271 23
291 234 30
291 393 17
293 165 8
293 417 39
294 27 20
295 415 18
297 479 8
297 193 41
298 185 30
298 244 7
298 302 11
298 323 21
300 439 22
300 144 30
300 365 17
302 332 24
302 298 11
304 43 2
304 203 46
306 473 31
307 68 9
307 1 35
307 410 22
308 39 20
308 76 39
308 352 29
309 423 12
310 383 40
310 242 5
310 424 3
311 199 40
311 475 9
312 157 22
312 94 41
313 126 22
313 114 6
315 489 26
315 38 7
316 250 16
317 331 12
317 83 5
318 290 31
319 244 19
319 424 18
320 444 35
321 331 11
322 127 16
322 216 15
323 95 40
323 193 26
323 298 21
324 367 3
324 237 9
325 159 34
325 79 10
326 282 35
326 108 48
327 38 24
327 65 34
328 235 11
329 245 46
329 412 41
330 52 35
331 274 3
331 317 12
331 321 11
332 464 32
332 380 32
332 302 24
332 340 43
333 174 13
334 274 19
334 243 32
336 80 49
336 272 36
337 434 28
338 198 6
338 131 48
339 438 29
339 463 45
339 460 34
339 178 34
340 490 44
340 332 43
342 178 40
342 351 14
343 249 37
343 232 1
344 468 30
344 135 21
344 279 36
345 106 49
346 80 42
346 89 8
347 445 23
347 109 24
347 51 31
348 177 15
348 485 38
348 201 14
349 378 17
349 85 38
350 462 7
350 245 43
351 471 6
351 342 14
352 55 47
352 308 29
352 273 18
354 37 34
354 35 37
357 145 20
359 16 36
359 240 18
359 234 8
359 453 13
360 489 26
363 288 37
363 486 19
364 434 24
364 401 15
364 445 44
364 200 48
365 104 6
365 300 17
366 89 16
366 434 22
366 135 6
367 324 3
367 288 31
368 17 44
369 214 25
370 171 24
371 142 39
373 460 5
373 96 35
373 1 21
373 473 5
375 485 47
375 406 44
376 68 33
376 190 43
376 35 20
378 349 17
378 101 26
379 79 17
379 227 40
380 160 31
380 332 32
380 432 49
380 463 14
381 148 38
381 248 7
383 310 40
383 385 24
383 485 2
385 383 24
387 102 39
388 58 4
389 47 15
389 489 49
390 178 21
390 198 19
392 59 8
393 291 17
393 473 44
394 168 5
394 216 11
395 264 39
396 442 37
396 448 3
396 466 15
398 249 8
398 9 32
400 130 8
400 152 30
400 445 13
401 447 25
401 110 34
401 364 15
402 206 33
402 279 18
403 48 22
404 406 43
406 404 43
406 57 44
406 375 44
408 459 22
408 50 18
408 149 26
410 237 39
410 307 22
411 36 22
412 329 41
412 106 23
413 205 28
413 446 29
414 190 25
414 192 3
415 295 18
415 448 11
417 293 39
419 227 13
419 489 24
421 494 21
421 116 7
421 184 47
421 228 26
422 182 6
422 442 34
422 20 14
423 309 12
424 272 47
424 319 18
424 310 3
425 491 41
427 492 39
429 53 46
430 225 16
430 146 41
430 253 7
430 481 30
432 380 49
433 31 27
433 144 21
434 212 45
434 337 28
434 364 24
434 366 22
436 465 13
436 10 16
436 118 12
437 478 8
437 28 40
437 178 39
438 339 29
438 469 7
438 252 14
438 26 14
438 144 1
439 300 22
441 243 24
442 396 37
442 422 34
443 229 28
444 135 39
444 320 35
445 347 23
445 93 19
445 400 13
445 364 44
446 413 29
447 401 25
448 396 3
448 52 37
448 5 40
448 415 11
449 128 15
450 280 37
451 117 35
452 234 4
453 359 13
456 8 47
458 158 14
459 408 22
460 373 5
460 233 49
460 339 34
461 249 6
461 119 37
462 350 7
463 339 45
463 380 14
464 332 32
464 7 7
464 190 9
465 436 13
466 163 48
466 93 23
466 221 4
466 396 15
466 493 27
467 182 24
467 83 6
468 344 30
468 275 24
469 187 17
469 438 7
469 70 41
471 482 4
471 351 6
472 248 3
473 306 31
473 238 15
473 393 44
473 373 5
474 485 12
475 311 9
476 82 22
476 86 28
477 485 27
478 437 8
479 297 8
479 244 19
479 100 15
480 491 17
480 278 32
480 225 11
481 132 48
481 430 30
482 231 17
482 471 4
483 160 14
483 272 14
483 142 33
485 375 47
485 474 12
485 348 38
485 383 2
485 477 27
485 495 46
486 363 19
487 268 39
487 68 32
487 10 6
488 115 48
489 315 26
489 360 26
489 389 49
489 419 24
489 112 31
490 340 44
490 271 9
491 480 17
491 425 41
491 42 35
492 73 47
492 427 39
493 466 27
494 421 21
494 35 46
495 250 9
495 83 26
495 254 14
495 485 46
496 101 32
496 13 14
498 13 9
499 42 30
